week_end,pruid,prename,prfname,numtotal_atleast1dose,numtotal_partially,numtotal_fully,proptotal_atleast1dose,proptotal_partially,proptotal_fully,numweekdelta_atleast1dose,numweekdelta_fully,propweekdelta_atleast1dose,propweekdelta_fully
2020-12-19,1,Canada,Canada,12362,12362,0,0.07,0.07,0.00,,,,
2020-12-19,10,Newfoundland and Labrador,Terre-Neuve-et-Labrador,972,972,0,0.19,0.19,0.00,,,,
2020-12-19,12,Nova Scotia,Nouvelle-Écosse,1092,1092,0,0.11,0.11,0.00,,,,
2020-12-19,24,Quebec,Québec,4728,4728,0,0.06,0.06,0.00,,,,
2020-12-19,46,Manitoba,Manitoba,894,894,0,0.06,0.06,0.00,,,,
2020-12-19,47,Saskatchewan,Saskatchewan,1042,1042,0,0.09,0.09,0.00,,,,
2020-12-19,59,British Columbia,Colombie-Britannique,3634,3634,0,0.07,0.07,0.00,,,,
2020-12-19,60,Yukon,Yukon,0,0,0,0.00,0.00,0.00,,,,
2020-12-19,61,Northwest Territories,Territoires du Nord-Ouest,0,0,0,0.00,0.00,0.00,,,,
2020-12-19,62,Nunavut,Nunavut,0,0,0,0.00,0.00,0.00,,,,
2020-12-26,1,Canada,Canada,46156,46156,0,0.20,0.20,0.00,,,,
2020-12-26,10,Newfoundland and Labrador,Terre-Neuve-et-Labrador,1785,1785,0,0.34,0.34,0.00,,,,
2020-12-26,11,Prince Edward Island,Île-du-Prince-Édouard,1146,1146,0,0.72,0.72,0.00,,,,
2020-12-26,12,Nova Scotia,Nouvelle-Écosse,2218,2218,0,0.23,0.23,0.00,,,,
2020-12-26,13,New Brunswick,Nouveau-Brunswick,2606,2606,0,0.33,0.33,0.00,,,,
2020-12-26,24,Quebec,Québec,17216,17216,0,0.20,0.20,0.00,,,,
2020-12-26,46,Manitoba,Manitoba,2177,2177,0,0.16,0.16,0.00,,,,
2020-12-26,47,Saskatchewan,Saskatchewan,1769,1769,0,0.15,0.15,0.00,,,,
2020-12-26,48,Alberta,Alberta,4792,4792,0,0.11,0.11,0.00,,,,
2020-12-26,59,British Columbia,Colombie-Britannique,12447,12447,0,0.24,0.24,0.00,,,,
2020-12-26,60,Yukon,Yukon,0,0,0,0.00,0.00,0.00,,,,
2020-12-26,61,Northwest Territories,Territoires du Nord-Ouest,0,0,0,0.00,0.00,0.00,,,,
2020-12-26,62,Nunavut,Nunavut,0,0,0,0.00,0.00,0.00,,,,
2021-01-02,1,Canada,Canada,82512,82512,0,0.35,0.35,0.00,,,,
2021-01-02,10,Newfoundland and Labrador,Terre-Neuve-et-Labrador,1785,1785,0,0.34,0.34,0.00,,,,
2021-01-02,11,Prince Edward Island,Île-du-Prince-Édouard,1669,1669,0,1.05,1.05,0.00,,,,
2021-01-02,12,Nova Scotia,Nouvelle-Écosse,2720,2720,0,0.28,0.28,0.00,,,,
2021-01-02,13,New Brunswick,Nouveau-Brunswick,2886,2886,0,0.37,0.37,0.00,,,,
2021-01-02,24,Quebec,Québec,28305,28305,,0.33,0.33,,,,,
2021-01-02,46,Manitoba,Manitoba,3432,3432,0,0.25,0.25,0.00,,,,
2021-01-02,47,Saskatchewan,Saskatchewan,3540,3540,0,0.30,0.30,0.00,,,,
2021-01-02,48,Alberta,Alberta,13383,13383,0,0.30,0.30,0.00,,,,
2021-01-02,59,British Columbia,Colombie-Britannique,24670,24670,0,0.48,0.48,0.00,,,,
2021-01-02,60,Yukon,Yukon,0,0,0,0.00,0.00,0.00,,,,
2021-01-02,61,Northwest Territories,Territoires du Nord-Ouest,122,122,0,0.27,0.27,0.00,,,,
2021-01-02,62,Nunavut,Nunavut,0,0,0,0.00,0.00,0.00,,,,
2021-01-09,1,Canada,Canada,217345,212824,4521,0.93,0.91,0.02,,,,
2021-01-09,10,Newfoundland and Labrador,Terre-Neuve-et-Labrador,2847,1994,853,0.55,0.38,0.16,,,,
2021-01-09,11,Prince Edward Island,Île-du-Prince-Édouard,2475,2475,0,1.55,1.55,0.00,,,,
2021-01-09,12,Nova Scotia,Nouvelle-Écosse,2755,1679,1076,0.28,0.17,0.11,,,,
2021-01-09,13,New Brunswick,Nouveau-Brunswick,6241,6241,0,0.80,0.80,0.00,,,,
2021-01-09,24,Quebec,Québec,83278,83278,,0.97,0.97,,,,,
2021-01-09,46,Manitoba,Manitoba,8694,7814,880,0.63,0.57,0.06,,,,
2021-01-09,47,Saskatchewan,Saskatchewan,5516,4563,953,0.47,0.39,0.08,,,,
2021-01-09,48,Alberta,Alberta,44298,43574,724,1.00,0.99,0.02,,,,
2021-01-09,59,British Columbia,Colombie-Britannique,60215,60180,35,1.17,1.17,0.00,,,,
2021-01-09,60,Yukon,Yukon,495,495,0,1.18,1.18,0.00,,,,
2021-01-09,61,Northwest Territories,Territoires du Nord-Ouest,511,511,0,1.13,1.13,0.00,,,,
2021-01-09,62,Nunavut,Nunavut,20,20,0,0.05,0.05,0.00,,,,
2021-01-16,1,Canada,Canada,564921,538173,26748,1.49,1.42,0.07,,,,
2021-01-16,10,Newfoundland and Labrador,Terre-Neuve-et-Labrador,4250,2516,1734,0.81,0.48,0.33,,,,
2021-01-16,11,Prince Edward Island,Île-du-Prince-Édouard,4293,2906,1387,2.69,1.82,0.87,,,,
2021-01-16,12,Nova Scotia,Nouvelle-Écosse,5740,3533,2207,0.59,0.36,0.23,,,,
2021-01-16,13,New Brunswick,Nouveau-Brunswick,7918,5353,2565,1.01,0.68,0.33,,,,
2021-01-16,24,Quebec,Québec,145783,145783,,1.70,1.70,,,,,
2021-01-16,35,Ontario,Ontario,189240,178383,10857,1.28,1.21,0.07,,,,
2021-01-16,46,Manitoba,Manitoba,16499,14355,2144,1.20,1.04,0.16,,,,
2021-01-16,47,Saskatchewan,Saskatchewan,14283,12551,1732,1.21,1.06,0.15,,,,
2021-01-16,48,Alberta,Alberta,81859,77784,4075,1.85,1.76,0.09,,,,
2021-01-16,59,British Columbia,Colombie-Britannique,89715,89668,47,1.74,1.74,0.00,,,,
2021-01-16,60,Yukon,Yukon,1309,1309,0,3.11,3.11,0.00,,,,
2021-01-16,61,Northwest Territories,Territoires du Nord-Ouest,1891,1891,0,4.19,4.19,0.00,,,,
2021-01-16,62,Nunavut,Nunavut,2141,2141,0,5.44,5.44,0.00,,,,
2021-01-23,1,Canada,Canada,775500,716206,59294,2.04,1.88,0.16,,,,
2021-01-23,10,Newfoundland and Labrador,Terre-Neuve-et-Labrador,7448,5711,1737,1.43,1.09,0.33,,,,
2021-01-23,11,Prince Edward Island,Île-du-Prince-Édouard,5211,3327,1884,3.26,2.08,1.18,,,,
2021-01-23,12,Nova Scotia,Nouvelle-Écosse,8288,5580,2708,0.85,0.57,0.28,,,,
2021-01-23,13,New Brunswick,Nouveau-Brunswick,11516,8675,2841,1.47,1.11,0.36,,,,
2021-01-23,24,Quebec,Québec,218827,218827,,2.55,2.55,,,,,
2021-01-23,35,Ontario,Ontario,249132,217691,31441,1.69,1.48,0.21,,,,
2021-01-23,46,Manitoba,Manitoba,25839,22443,3396,1.87,1.63,0.25,,,,
2021-01-23,47,Saskatchewan,Saskatchewan,23663,21205,2458,2.01,1.80,0.21,,,,
2021-01-23,48,Alberta,Alberta,89557,80088,9469,2.03,1.81,0.21,,,,
2021-01-23,59,British Columbia,Colombie-Britannique,118150,114790,3360,2.30,2.23,0.07,,,,
2021-01-23,60,Yukon,Yukon,3950,3950,0,9.39,9.39,0.00,,,,
2021-01-23,61,Northwest Territories,Territoires du Nord-Ouest,9471,9471,0,20.97,20.97,0.00,,,,
2021-01-23,62,Nunavut,Nunavut,4448,4448,0,11.30,11.30,0.00,,,,
2021-01-30,1,Canada,Canada,859240,745591,113649,2.26,1.96,0.30,,,,
2021-01-30,10,Newfoundland and Labrador,Terre-Neuve-et-Labrador,8353,5591,2762,1.60,1.07,0.53,,,,
2021-01-30,11,Prince Edward Island,Île-du-Prince-Édouard,5279,2714,2565,3.31,1.70,1.61,,,,
2021-01-30,12,Nova Scotia,Nouvelle-Écosse,12090,9361,2729,1.23,0.96,0.28,,,,
2021-01-30,13,New Brunswick,Nouveau-Brunswick,12791,8326,4465,1.64,1.07,0.57,,,,
2021-01-30,24,Quebec,Québec,239485,239485,,2.79,2.79,,,,,
2021-01-30,35,Ontario,Ontario,270795,201946,68849,1.84,1.37,0.47,,,,
2021-01-30,46,Manitoba,Manitoba,32441,23938,8503,2.35,1.74,0.62,,,,
2021-01-30,47,Saskatchewan,Saskatchewan,27215,24143,3072,2.31,2.05,0.26,,,,
2021-01-30,48,Alberta,Alberta,90238,74244,15994,2.04,1.68,0.36,,,,
2021-01-30,59,British Columbia,Colombie-Britannique,135501,130909,4592,2.63,2.54,0.09,,,,
2021-01-30,60,Yukon,Yukon,7355,7355,0,17.49,17.49,0.00,,,,
2021-01-30,61,Northwest Territories,Territoires du Nord-Ouest,12233,12115,118,27.09,26.83,0.26,,,,
2021-01-30,62,Nunavut,Nunavut,5464,5464,0,13.88,13.88,0.00,,,,
2021-02-06,1,Canada,Canada,901402,727623,173779,2.37,1.91,0.46,,,,
2021-02-06,10,Newfoundland and Labrador,Terre-Neuve-et-Labrador,8890,4822,4068,1.70,0.92,0.78,,,,
2021-02-06,11,Prince Edward Island,Île-du-Prince-Édouard,5302,1789,3513,3.32,1.12,2.20,,,,
2021-02-06,12,Nova Scotia,Nouvelle-Écosse,12849,7716,5133,1.31,0.79,0.52,,,,
2021-02-06,13,New Brunswick,Nouveau-Brunswick,13250,7837,5413,1.70,1.00,0.69,,,,
2021-02-06,24,Quebec,Québec,257501,257501,,3.00,3.00,,,,,
2021-02-06,35,Ontario,Ontario,277440,175696,101744,1.88,1.19,0.69,,,,
2021-02-06,46,Manitoba,Manitoba,33641,19998,13643,2.44,1.45,0.99,,,,
2021-02-06,47,Saskatchewan,Saskatchewan,29747,24353,5394,2.52,2.07,0.46,,,,
2021-02-06,48,Alberta,Alberta,90668,68989,21679,2.05,1.56,0.49,,,,
2021-02-06,59,British Columbia,Colombie-Britannique,142999,130871,12128,2.78,2.54,0.24,,,,
2021-02-06,60,Yukon,Yukon,10447,9968,479,24.84,23.70,1.14,,,,
2021-02-06,61,Northwest Territories,Territoires du Nord-Ouest,12830,12531,299,28.41,27.75,0.66,,,,
2021-02-06,62,Nunavut,Nunavut,5838,5552,286,14.83,14.11,0.73,,,,
2021-02-13,1,Canada,Canada,973060,665691,307369,2.56,1.75,0.81,,,,
2021-02-13,10,Newfoundland and Labrador,Terre-Neuve-et-Labrador,9792,4343,5449,1.88,0.83,1.04,,,,
2021-02-13,11,Prince Edward Island,Île-du-Prince-Édouard,5690,797,4893,3.56,0.50,3.07,,,,
2021-02-13,12,Nova Scotia,Nouvelle-Écosse,14727,6688,8039,1.50,0.68,0.82,,,,
2021-02-13,13,New Brunswick,Nouveau-Brunswick,13646,6148,7498,1.75,0.79,0.96,,,,
2021-02-13,24,Quebec,Québec,293734,293734,,3.43,3.43,,,,,
2021-02-13,35,Ontario,Ontario,292983,118340,174643,1.99,0.80,1.19,,,,
2021-02-13,46,Manitoba,Manitoba,34848,14442,20406,2.53,1.05,1.48,,,,
2021-02-13,47,Saskatchewan,Saskatchewan,32867,23322,9545,2.79,1.98,0.81,,,,
2021-02-13,48,Alberta,Alberta,94996,44314,50682,2.15,1.00,1.15,,,,
2021-02-13,59,British Columbia,Colombie-Britannique,149182,126548,22634,2.90,2.46,0.44,,,,
2021-02-13,60,Yukon,Yukon,10524,9657,867,25.03,22.96,2.06,,,,
2021-02-13,61,Northwest Territories,Territoires du Nord-Ouest,13575,12996,579,30.06,28.78,1.28,,,,
2021-02-13,62,Nunavut,Nunavut,6496,4362,2134,16.51,11.08,5.42,,,,
2021-02-20,1,Canada,Canada,1086501,651234,435267,2.86,1.71,1.15,,,,
2021-02-20,10,Newfoundland and Labrador,Terre-Neuve-et-Labrador,10436,4324,6112,2.00,0.83,1.17,,,,
2021-02-20,11,Prince Edward Island,Île-du-Prince-Édouard,6450,1294,5156,4.04,0.81,3.23,,,,
2021-02-20,12,Nova Scotia,Nouvelle-Écosse,14915,6690,8225,1.52,0.68,0.84,,,,
2021-02-20,13,New Brunswick,Nouveau-Brunswick,15261,4234,11027,1.95,0.54,1.41,,,,
2021-02-20,24,Quebec,Québec,345979,345979,,4.03,4.03,,,,,
2021-02-20,35,Ontario,Ontario,319915,84862,235053,2.17,0.58,1.60,,,,
2021-02-20,46,Manitoba,Manitoba,36279,11082,25197,2.63,0.80,1.83,,,,
2021-02-20,47,Saskatchewan,Saskatchewan,37764,21804,15960,3.20,1.85,1.35,,,,
2021-02-20,48,Alberta,Alberta,103236,37048,66188,2.33,0.84,1.50,,,,
2021-02-20,59,British Columbia,Colombie-Britannique,164163,108945,55218,3.19,2.12,1.07,,,,
2021-02-20,60,Yukon,Yukon,10613,9523,1090,25.24,22.65,2.59,,,,
2021-02-20,61,Northwest Territories,Territoires du Nord-Ouest,14517,12583,1934,32.14,27.86,4.28,,,,
2021-02-20,62,Nunavut,Nunavut,6973,2866,4107,17.72,7.28,10.44,,,,
2021-02-27,1,Canada,Canada,1381403,843004,538399,3.63,2.22,1.42,,,,
2021-02-27,10,Newfoundland and Labrador,Terre-Neuve-et-Labrador,16623,8411,8212,3.18,1.61,1.57,,,,
2021-02-27,11,Prince Edward Island,Île-du-Prince-Édouard,7363,2151,5212,4.61,1.35,3.27,,,,
2021-02-27,12,Nova Scotia,Nouvelle-Écosse,19734,7116,12618,2.02,0.73,1.29,,,,
2021-02-27,13,New Brunswick,Nouveau-Brunswick,21676,9544,12132,2.77,1.22,1.55,,,,
2021-02-27,24,Quebec,Québec,431743,431743,,5.04,5.04,,,,,
2021-02-27,35,Ontario,Ontario,425162,163239,261923,2.89,1.11,1.78,,,,
2021-02-27,46,Manitoba,Manitoba,46651,17675,28976,3.38,1.28,2.10,,,,
2021-02-27,47,Saskatchewan,Saskatchewan,46285,22829,23456,3.93,1.94,1.99,,,,
2021-02-27,48,Alberta,Alberta,139961,52554,87407,3.17,1.19,1.98,,,,
2021-02-27,59,British Columbia,Colombie-Britannique,192637,108615,84022,3.74,2.11,1.63,,,,
2021-02-27,60,Yukon,Yukon,10958,6156,4802,26.06,14.64,11.42,,,,
2021-02-27,61,Northwest Territories,Territoires du Nord-Ouest,15214,10656,4558,33.69,23.60,10.09,,,,
2021-02-27,62,Nunavut,Nunavut,7396,2315,5081,18.79,5.88,12.91,,,,
2021-03-06,1,Canada,Canada,1854791,1281130,573661,4.88,3.37,1.51,,,,
2021-03-06,10,Newfoundland and Labrador,Terre-Neuve-et-Labrador,21087,11951,9136,4.04,2.29,1.75,,,,
2021-03-06,11,Prince Edward Island,Île-du-Prince-Édouard,8666,3159,5507,5.43,1.98,3.45,,,,
2021-03-06,12,Nova Scotia,Nouvelle-Écosse,25011,10578,14433,2.55,1.08,1.47,,,,
2021-03-06,13,New Brunswick,Nouveau-Brunswick,26308,14166,12142,3.37,1.81,1.55,,,,
2021-03-06,24,Quebec,Québec,548031,548031,,6.39,6.39,,,,,
2021-03-06,35,Ontario,Ontario,619315,347483,271832,4.20,2.36,1.84,,,,
2021-03-06,46,Manitoba,Manitoba,59400,29038,30362,4.31,2.11,2.20,,,,
2021-03-06,47,Saskatchewan,Saskatchewan,56493,29121,27372,4.79,2.47,2.32,,,,
2021-03-06,48,Alberta,Alberta,202240,111622,90618,4.57,2.52,2.05,,,,
2021-03-06,59,British Columbia,Colombie-Britannique,247428,160369,87059,4.81,3.12,1.69,,,,
2021-03-06,60,Yukon,Yukon,14565,5972,8593,34.64,14.20,20.43,,,,
2021-03-06,61,Northwest Territories,Territoires du Nord-Ouest,17053,5904,11149,37.76,13.07,24.69,,,,
2021-03-06,62,Nunavut,Nunavut,9194,3736,5458,23.36,9.49,13.87,,,,
2021-03-13,1,Canada,Canada,2500024,1902260,597764,6.58,5.01,1.57,,,,
2021-03-13,10,Newfoundland and Labrador,Terre-Neuve-et-Labrador,27418,18176,9242,5.25,3.48,1.77,,,,
2021-03-13,11,Prince Edward Island,Île-du-Prince-Édouard,10386,4790,5596,6.51,3.00,3.51,,,,
2021-03-13,12,Nova Scotia,Nouvelle-Écosse,31964,15851,16113,3.26,1.62,1.65,,,,
2021-03-13,13,New Brunswick,Nouveau-Brunswick,39168,27013,12155,5.01,3.46,1.56,,,,
2021-03-13,24,Quebec,Québec,714029,714029,,8.33,8.33,,,,,
2021-03-13,35,Ontario,Ontario,874937,589270,285667,5.94,4.00,1.94,,,,
2021-03-13,46,Manitoba,Manitoba,72282,39151,33131,5.24,2.84,2.40,,,,
2021-03-13,47,Saskatchewan,Saskatchewan,69628,41272,28356,5.91,3.50,2.41,,,,
2021-03-13,48,Alberta,Alberta,288021,196484,91537,6.51,4.44,2.07,,,,
2021-03-13,59,British Columbia,Colombie-Britannique,323058,235878,87180,6.28,4.58,1.69,,,,
2021-03-13,60,Yukon,Yukon,19177,8815,10362,45.60,20.96,24.64,,,,
2021-03-13,61,Northwest Territories,Territoires du Nord-Ouest,19680,7293,12387,43.58,16.15,27.43,,,,
2021-03-13,62,Nunavut,Nunavut,10276,4238,6038,26.11,10.77,15.34,,,,
2021-03-20,1,Canada,Canada,3402773,2772389,630384,8.95,7.29,1.66,,,,
2021-03-20,10,Newfoundland and Labrador,Terre-Neuve-et-Labrador,38915,29354,9561,7.45,5.62,1.83,,,,
2021-03-20,11,Prince Edward Island,Île-du-Prince-Édouard,12995,7380,5615,8.14,4.62,3.52,,,,
2021-03-20,12,Nova Scotia,Nouvelle-Écosse,40820,20720,20100,4.17,2.12,2.05,,,,
2021-03-20,13,New Brunswick,Nouveau-Brunswick,49610,37446,12164,6.35,4.79,1.56,,,,
2021-03-20,24,Quebec,Québec,945382,945382,,11.03,11.03,,,,,
2021-03-20,35,Ontario,Ontario,1225457,927042,298415,8.32,6.29,2.03,,,,
2021-03-20,46,Manitoba,Manitoba,90578,47170,43408,6.57,3.42,3.15,,,,
2021-03-20,47,Saskatchewan,Saskatchewan,101100,70505,30595,8.58,5.98,2.60,,,,
2021-03-20,48,Alberta,Alberta,388455,295430,93025,8.78,6.68,2.10,,,,
2021-03-20,59,British Columbia,Colombie-Britannique,453352,366072,87280,8.81,7.11,1.70,,,,
2021-03-20,60,Yukon,Yukon,22144,11669,10475,52.66,27.75,24.91,,,,
2021-03-20,61,Northwest Territories,Territoires du Nord-Ouest,22107,8826,13281,48.95,19.54,29.41,,,,
2021-03-20,62,Nunavut,Nunavut,11858,5393,6465,30.13,13.70,16.43,,,,
2021-03-27,1,Canada,Canada,4533036,3864994,668042,11.93,10.17,1.76,,,,
2021-03-27,10,Newfoundland and Labrador,Terre-Neuve-et-Labrador,51244,41597,9647,9.81,7.97,1.85,,,,
2021-03-27,11,Prince Edward Island,Île-du-Prince-Édouard,15289,8890,6399,9.58,5.57,4.01,,,,
2021-03-27,12,Nova Scotia,Nouvelle-Écosse,64681,40387,24294,6.60,4.12,2.48,,,,
2021-03-27,13,New Brunswick,Nouveau-Brunswick,80178,67983,12195,10.26,8.70,1.56,,,,
2021-03-27,24,Quebec,Québec,1218798,1218798,,14.21,14.21,,,,,
2021-03-27,35,Ontario,Ontario,1672351,1363194,309157,11.35,9.25,2.10,,,,
2021-03-27,46,Manitoba,Manitoba,117810,62870,54940,8.54,4.56,3.98,,,,
2021-03-27,47,Saskatchewan,Saskatchewan,134559,98267,36292,11.42,8.34,3.08,,,,
2021-03-27,48,Alberta,Alberta,504407,408276,96131,11.41,9.23,2.17,,,,
2021-03-27,59,British Columbia,Colombie-Britannique,613835,526396,87439,11.92,10.23,1.70,,,,
2021-03-27,60,Yukon,Yukon,23028,12268,10760,54.76,29.17,25.59,,,,
2021-03-27,61,Northwest Territories,Territoires du Nord-Ouest,23715,9784,13931,52.51,21.66,30.85,,,,
2021-03-27,62,Nunavut,Nunavut,13141,6284,6857,33.39,15.97,17.42,,,,
2021-04-03,1,Canada,Canada,5788394,5072294,716100,15.23,13.35,1.88,,,,
2021-04-03,10,Newfoundland and Labrador,Terre-Neuve-et-Labrador,78734,69071,9663,15.08,13.23,1.85,,,,
2021-04-03,11,Prince Edward Island,Île-du-Prince-Édouard,19810,12203,7607,12.41,7.64,4.77,,,,
2021-04-03,12,Nova Scotia,Nouvelle-Écosse,83796,54265,29531,8.56,5.54,3.02,,,,
2021-04-03,13,New Brunswick,Nouveau-Brunswick,110912,98634,12278,14.19,12.62,1.57,,,,
2021-04-03,24,Quebec,Québec,1524363,1524363,,17.78,17.78,,,,,
2021-04-03,35,Ontario,Ontario,2171573,1849755,321818,14.74,12.55,2.18,,,,
2021-04-03,46,Manitoba,Manitoba,147826,86315,61511,10.72,6.26,4.46,,,,
2021-04-03,47,Saskatchewan,Saskatchewan,182416,143258,39158,15.48,12.15,3.32,,,,
2021-04-03,48,Alberta,Alberta,600594,488608,111986,13.58,11.05,2.53,,,,
2021-04-03,59,British Columbia,Colombie-Britannique,807444,719837,87607,15.69,13.98,1.70,,,,
2021-04-03,60,Yukon,Yukon,23414,11278,12136,55.68,26.82,28.86,,,,
2021-04-03,61,Northwest Territories,Territoires du Nord-Ouest,24097,9628,14469,53.36,21.32,32.04,,,,
2021-04-03,62,Nunavut,Nunavut,13415,5079,8336,34.09,12.91,21.18,,,,
2021-04-10,1,Canada,Canada,7339539,6520540,818999,19.31,17.16,2.15,,,,
2021-04-10,10,Newfoundland and Labrador,Terre-Neuve-et-Labrador,100594,90920,9674,19.27,17.41,1.85,,,,
2021-04-10,11,Prince Edward Island,Île-du-Prince-Édouard,26305,17549,8756,16.48,10.99,5.49,,,,
2021-04-10,12,Nova Scotia,Nouvelle-Écosse,116818,85699,31119,11.93,8.75,3.18,,,,
2021-04-10,13,New Brunswick,Nouveau-Brunswick,135799,120022,15777,17.38,15.36,2.02,,,,
2021-04-10,24,Quebec,Québec,1873379,1857562,15817,21.85,21.66,0.18,,,,
2021-04-10,35,Ontario,Ontario,2808322,2475356,332966,19.06,16.80,2.26,,,,
2021-04-10,46,Manitoba,Manitoba,215922,147407,68515,15.65,10.69,4.97,,,,
2021-04-10,47,Saskatchewan,Saskatchewan,249539,208047,41492,21.17,17.65,3.52,,,,
2021-04-10,48,Alberta,Alberta,728291,563935,164356,16.47,12.75,3.72,,,,
2021-04-10,59,British Columbia,Colombie-Britannique,1022228,934409,87819,19.86,18.15,1.71,,,,
2021-04-10,60,Yukon,Yukon,23872,7096,16776,56.77,16.87,39.89,,,,
2021-04-10,61,Northwest Territories,Territoires du Nord-Ouest,24740,8271,16469,54.78,18.31,36.47,,,,
2021-04-10,62,Nunavut,Nunavut,13730,4267,9463,34.89,10.84,24.05,,,,
2021-04-17,1,Canada,Canada,9195113,8265016,930097,24.19,21.75,2.45,,,,
2021-04-17,10,Newfoundland and Labrador,Terre-Neuve-et-Labrador,122808,113134,9674,23.52,21.67,1.85,,,,
2021-04-17,11,Prince Edward Island,Île-du-Prince-Édouard,33368,23801,9567,20.90,14.91,5.99,,,,
2021-04-17,12,Nova Scotia,Nouvelle-Écosse,173886,141404,32482,17.76,14.44,3.32,,,,
2021-04-17,13,New Brunswick,Nouveau-Brunswick,182669,163822,18847,23.37,20.96,2.41,,,,
2021-04-17,24,Quebec,Québec,2325260,2295027,30233,27.12,26.77,0.35,,,,
2021-04-17,35,Ontario,Ontario,3493866,3148080,345786,23.71,21.37,2.35,,,,
2021-04-17,46,Manitoba,Manitoba,267700,197933,69767,19.41,14.35,5.06,,,,
2021-04-17,47,Saskatchewan,Saskatchewan,309369,266491,42878,26.25,22.61,3.64,,,,
2021-04-17,48,Alberta,Alberta,932879,700554,232325,21.10,15.84,5.25,,,,
2021-04-17,59,British Columbia,Colombie-Britannique,1289370,1201132,88238,25.05,23.33,1.71,,,,
2021-04-17,60,Yukon,Yukon,24317,4218,20099,57.83,10.03,47.80,,,,
2021-04-17,61,Northwest Territories,Territoires du Nord-Ouest,25369,6100,19269,56.17,13.51,42.67,,,,
2021-04-17,62,Nunavut,Nunavut,14252,3320,10932,36.22,8.44,27.78,,,,
2021-04-24,1,Canada,Canada,11132592,10112143,1020449,29.29,26.61,2.69,,,,
2021-04-24,10,Newfoundland and Labrador,Terre-Neuve-et-Labrador,147423,137727,9696,28.24,26.38,1.86,,,,
2021-04-24,11,Prince Edward Island,Île-du-Prince-Édouard,39530,29251,10279,24.76,18.32,6.44,,,,
2021-04-24,12,Nova Scotia,Nouvelle-Écosse,238566,203751,34815,24.36,20.80,3.55,,,,
2021-04-24,13,New Brunswick,Nouveau-Brunswick,219257,195088,24169,28.06,24.96,3.09,,,,
2021-04-24,24,Quebec,Québec,2773207,2721477,51730,32.34,31.74,0.60,,,,
2021-04-24,35,Ontario,Ontario,4268812,3908475,360337,28.97,26.53,2.45,,,,
2021-04-24,46,Manitoba,Manitoba,349534,278119,71415,25.34,20.16,5.18,,,,
2021-04-24,47,Saskatchewan,Saskatchewan,360002,316451,43551,30.54,26.85,3.69,,,,
2021-04-24,48,Alberta,Alberta,1127370,856730,270640,25.50,19.37,6.12,,,,
2021-04-24,59,British Columbia,Colombie-Britannique,1543065,1453896,89169,29.98,28.24,1.73,,,,
2021-04-24,60,Yukon,Yukon,24817,3290,21527,59.02,7.82,51.19,,,,
2021-04-24,61,Northwest Territories,Territoires du Nord-Ouest,25851,4910,20941,57.24,10.87,46.37,,,,
2021-04-24,62,Nunavut,Nunavut,15158,2978,12180,38.52,7.57,30.95,,,,
2021-05-01,1,Canada,Canada,12779536,11655857,1123679,33.63,30.67,2.96,,,,
2021-05-01,10,Newfoundland and Labrador,Terre-Neuve-et-Labrador,171285,161620,9665,32.81,30.96,1.85,,,,
2021-05-01,11,Prince Edward Island,Île-du-Prince-Édouard,45383,34745,10638,28.43,21.77,6.66,,,,
2021-05-01,12,Nova Scotia,Nouvelle-Écosse,283812,247213,36599,28.98,25.24,3.74,,,,
2021-05-01,13,New Brunswick,Nouveau-Brunswick,243986,216762,27224,31.22,27.74,3.48,,,,
2021-05-01,24,Quebec,Québec,3109455,3005084,104371,36.26,35.05,1.22,,,,
2021-05-01,35,Ontario,Ontario,4951946,4576638,375308,33.61,31.06,2.55,,,,
2021-05-01,46,Manitoba,Manitoba,412267,339058,73209,29.89,24.58,5.31,,,,
2021-05-01,47,Saskatchewan,Saskatchewan,406783,362269,44514,34.51,30.74,3.78,,,,
2021-05-01,48,Alberta,Alberta,1305432,1011710,293722,29.52,22.88,6.64,,,,
2021-05-01,59,British Columbia,Colombie-Britannique,1781618,1689723,91895,34.61,32.82,1.79,,,,
2021-05-01,60,Yukon,Yukon,25192,2858,22334,59.91,6.80,53.11,,,,
2021-05-01,61,Northwest Territories,Territoires du Nord-Ouest,26327,4655,21672,58.30,10.31,47.99,,,,
2021-05-01,62,Nunavut,Nunavut,16050,3522,12528,40.78,8.95,31.83,,,,
2021-05-08,1,Canada,Canada,14772158,13519160,1252998,38.87,35.57,3.30,,,,
2021-05-08,10,Newfoundland and Labrador,Terre-Neuve-et-Labrador,193584,183911,9673,37.08,35.23,1.85,,,,
2021-05-08,11,Prince Edward Island,Île-du-Prince-Édouard,52598,41662,10936,32.95,26.10,6.85,,,,
2021-05-08,12,Nova Scotia,Nouvelle-Écosse,326139,288440,37699,33.30,29.45,3.85,,,,
2021-05-08,13,New Brunswick,Nouveau-Brunswick,277729,247489,30240,35.54,31.67,3.87,,,,
2021-05-08,24,Quebec,Québec,3538616,3363699,174917,41.27,39.23,2.04,,,,
2021-05-08,35,Ontario,Ontario,5754150,5361156,392994,39.05,36.39,2.67,,,,
2021-05-08,46,Manitoba,Manitoba,473652,397891,75761,34.34,28.85,5.49,,,,
2021-05-08,47,Saskatchewan,Saskatchewan,481722,435342,46380,40.87,36.93,3.93,,,,
2021-05-08,48,Alberta,Alberta,1556400,1246471,309929,35.20,28.19,7.01,,,,
2021-05-08,59,British Columbia,Colombie-Britannique,2048120,1941844,106276,39.79,37.72,2.06,,,,
2021-05-08,60,Yukon,Yukon,25731,2914,22817,61.19,6.93,54.26,,,,
2021-05-08,61,Northwest Territories,Territoires du Nord-Ouest,27303,4804,22499,60.46,10.64,49.82,,,,
2021-05-08,62,Nunavut,Nunavut,16414,3537,12877,41.71,8.99,32.72,,,,
2021-05-15,1,Canada,Canada,17140068,15621663,1518405,45.10,41.10,4.00,,,,
2021-05-15,10,Newfoundland and Labrador,Terre-Neuve-et-Labrador,225770,215889,9881,43.24,41.35,1.89,,,,
2021-05-15,11,Prince Edward Island,Île-du-Prince-Édouard,62125,50371,11754,38.92,31.56,7.36,,,,
2021-05-15,12,Nova Scotia,Nouvelle-Écosse,388511,349306,39205,39.67,35.67,4.00,,,,
2021-05-15,13,New Brunswick,Nouveau-Brunswick,323355,289961,33394,41.38,37.10,4.27,,,,
2021-05-15,24,Quebec,Québec,4073238,3718773,354465,47.50,43.37,4.13,,,,
2021-05-15,35,Ontario,Ontario,6638361,6208493,429868,45.05,42.14,2.92,,,,
2021-05-15,46,Manitoba,Manitoba,560533,479650,80883,40.64,34.78,5.86,,,,
2021-05-15,47,Saskatchewan,Saskatchewan,554200,505443,48757,47.02,42.88,4.14,,,,
2021-05-15,48,Alberta,Alberta,1850072,1529798,320274,41.84,34.60,7.24,,,,
2021-05-15,59,British Columbia,Colombie-Britannique,2392600,2262170,130430,46.48,43.95,2.53,,,,
2021-05-15,60,Yukon,Yukon,26242,3006,23236,62.40,7.15,55.26,,,,
2021-05-15,61,Northwest Territories,Territoires du Nord-Ouest,28353,5397,22956,62.78,11.95,50.83,,,,
2021-05-15,62,Nunavut,Nunavut,16708,3406,13302,42.46,8.65,33.80,,,,
2021-05-22,1,Canada,Canada,19232248,17477501,1754747,50.60,45.99,4.62,,,,
2021-05-22,10,Newfoundland and Labrador,Terre-Neuve-et-Labrador,260190,249731,10459,49.83,47.83,2.00,,,,
2021-05-22,11,Prince Edward Island,Île-du-Prince-Édouard,71327,59028,12299,44.68,36.98,7.70,,,,
2021-05-22,12,Nova Scotia,Nouvelle-Écosse,460948,419495,41453,47.07,42.83,4.23,,,,
2021-05-22,13,New Brunswick,Nouveau-Brunswick,386865,350003,36862,49.50,44.79,4.72,,,,
2021-05-22,24,Quebec,Québec,4602185,4155234,446951,53.67,48.46,5.21,,,,
2021-05-22,35,Ontario,Ontario,7537294,7005191,532103,51.16,47.54,3.61,,,,
2021-05-22,46,Manitoba,Manitoba,643349,556554,86795,46.64,40.35,6.29,,,,
2021-05-22,47,Saskatchewan,Saskatchewan,604637,546507,58130,51.30,46.37,4.93,,,,
2021-05-22,48,Alberta,Alberta,1854382,1533466,320916,41.94,34.68,7.26,,,,
2021-05-22,59,British Columbia,Colombie-Britannique,2738510,2590890,147620,53.20,50.33,2.87,,,,
2021-05-22,60,Yukon,Yukon,26648,2934,23714,63.37,6.98,56.39,,,,
2021-05-22,61,Northwest Territories,Territoires du Nord-Ouest,28883,5547,23336,63.96,12.28,51.67,,,,
2021-05-22,62,Nunavut,Nunavut,17030,2921,14109,43.27,7.42,35.85,,,,
2021-05-29,1,Canada,Canada,21579682,19410408,2169274,56.78,51.07,5.71,,,,
2021-05-29,10,Newfoundland and Labrador,Terre-Neuve-et-Labrador,290038,278592,11446,55.55,53.36,2.19,,,,
2021-05-29,11,Prince Edward Island,Île-du-Prince-Édouard,79800,66370,13430,49.99,41.58,8.41,,,,
2021-05-29,12,Nova Scotia,Nouvelle-Écosse,537868,494407,43461,54.92,50.48,4.44,,,,
2021-05-29,13,New Brunswick,Nouveau-Brunswick,432047,391203,40844,55.29,50.06,5.23,,,,
2021-05-29,24,Quebec,Québec,5077136,4518964,558172,59.21,52.70,6.51,,,,
2021-05-29,35,Ontario,Ontario,8298869,7609233,689636,56.32,51.64,4.68,,,,
2021-05-29,46,Manitoba,Manitoba,728662,623026,105636,52.83,45.17,7.66,,,,
2021-05-29,47,Saskatchewan,Saskatchewan,642300,559140,83160,54.49,47.44,7.06,,,,
2021-05-29,48,Alberta,Alberta,2357833,1977913,379920,53.32,44.73,8.59,,,,
2021-05-29,59,British Columbia,Colombie-Britannique,3061385,2880801,180584,59.47,55.96,3.51,,,,
2021-05-29,60,Yukon,Yukon,26952,2815,24137,64.09,6.69,57.40,,,,
2021-05-29,61,Northwest Territories,Territoires du Nord-Ouest,29562,5657,23905,65.46,12.53,52.93,,,,
2021-05-29,62,Nunavut,Nunavut,17230,2287,14943,43.78,5.81,37.97,,,,
2021-06-05,1,Canada,Canada,23315877,20264309,3051568,61.35,53.32,8.03,,,,
2021-06-05,10,Newfoundland and Labrador,Terre-Neuve-et-Labrador,319477,302122,17355,61.19,57.87,3.32,,,,
2021-06-05,11,Prince Edward Island,Île-du-Prince-Édouard,89719,75322,14397,56.21,47.19,9.02,,,,
2021-06-05,12,Nova Scotia,Nouvelle-Écosse,590905,546361,44544,60.34,55.79,4.55,,,,
2021-06-05,13,New Brunswick,Nouveau-Brunswick,484382,437314,47068,61.98,55.96,6.02,,,,
2021-06-05,24,Quebec,Québec,5529406,4815864,713542,64.49,56.16,8.32,,,,
2021-06-05,35,Ontario,Ontario,8963082,7929387,1033695,60.83,53.82,7.02,,,,
2021-06-05,46,Manitoba,Manitoba,786098,639752,146346,56.99,46.38,10.61,,,,
2021-06-05,47,Saskatchewan,Saskatchewan,660919,523902,137017,56.07,44.45,11.62,,,,
2021-06-05,48,Alberta,Alberta,2511236,1991366,519870,56.79,45.03,11.76,,,,
2021-06-05,59,British Columbia,Colombie-Britannique,3307406,2991745,315661,64.25,58.12,6.13,,,,
2021-06-05,60,Yukon,Yukon,27199,2695,24504,64.68,6.41,58.27,,,,
2021-06-05,61,Northwest Territories,Territoires du Nord-Ouest,28250,5726,22524,62.55,12.68,49.87,,,,
2021-06-05,62,Nunavut,Nunavut,17798,2753,15045,45.23,7.00,38.23,,,,
2021-06-12,1,Canada,Canada,24410109,19536776,4873333,64.23,51.41,12.82,,,,
2021-06-12,10,Newfoundland and Labrador,Terre-Neuve-et-Labrador,343293,317423,25870,65.75,60.80,4.95,,,,
2021-06-12,11,Prince Edward Island,Île-du-Prince-Édouard,99243,81960,17283,62.17,51.35,10.83,,,,
2021-06-12,12,Nova Scotia,Nouvelle-Écosse,644668,593805,50863,65.83,60.63,5.19,,,,
2021-06-12,13,New Brunswick,Nouveau-Brunswick,510069,433699,76370,65.27,55.50,9.77,,,,
2021-06-12,24,Quebec,Québec,5809723,4749659,1060064,67.76,55.39,12.36,,,,
2021-06-12,35,Ontario,Ontario,9413440,7613665,1799775,63.89,51.67,12.22,,,,
2021-06-12,46,Manitoba,Manitoba,825173,624304,200869,59.83,45.26,14.56,,,,
2021-06-12,47,Saskatchewan,Saskatchewan,680744,470596,210148,57.75,39.93,17.83,,,,
2021-06-12,48,Alberta,Alberta,2589472,1836304,753168,58.56,41.53,17.03,,,,
2021-06-12,59,British Columbia,Colombie-Britannique,3419622,2805751,613871,66.43,54.50,11.93,,,,
2021-06-12,60,Yukon,Yukon,27470,2484,24986,65.32,5.91,59.42,,,,
2021-06-12,61,Northwest Territories,Territoires du Nord-Ouest,28961,4275,24686,64.13,9.47,54.66,,,,
2021-06-12,62,Nunavut,Nunavut,18231,2851,15380,46.33,7.24,39.08,,,,
2021-06-19,1,Canada,Canada,25041027,17707804,7333223,65.89,46.59,19.30,,,,
2021-06-19,10,Newfoundland and Labrador,Terre-Neuve-et-Labrador,364980,318252,46728,69.91,60.96,8.95,,,,
2021-06-19,11,Prince Edward Island,Île-du-Prince-Édouard,108886,88845,20041,68.21,55.66,12.56,,,,
2021-06-19,12,Nova Scotia,Nouvelle-Écosse,687356,604630,82726,70.18,61.74,8.45,,,,
2021-06-19,13,New Brunswick,Nouveau-Brunswick,521157,391439,129718,66.69,50.09,16.60,,,,
2021-06-19,24,Quebec,Québec,5941900,4378224,1563676,69.30,51.06,18.24,,,,
2021-06-19,35,Ontario,Ontario,9677721,6800058,2877663,65.68,46.15,19.53,,,,
2021-06-19,46,Manitoba,Manitoba,849464,564359,285105,61.59,40.92,20.67,,,,
2021-06-19,47,Saskatchewan,Saskatchewan,697898,410866,287032,59.21,34.86,24.35,,,,
2021-06-19,48,Alberta,Alberta,2638391,1563338,1075053,59.67,35.35,24.31,,,,
2021-06-19,59,British Columbia,Colombie-Britannique,3475832,2577295,898537,67.52,50.07,17.46,,,,
2021-06-19,60,Yukon,Yukon,28065,2419,25646,66.74,5.75,60.99,,,,
2021-06-19,61,Northwest Territories,Territoires du Nord-Ouest,29559,4007,25552,65.45,8.87,56.58,,,,
2021-06-19,62,Nunavut,Nunavut,19818,4072,15746,50.36,10.35,40.01,,,,
2021-06-26,1,Canada,Canada,25459240,15135555,10323685,66.99,39.82,27.16,,,,
2021-06-26,10,Newfoundland and Labrador,Terre-Neuve-et-Labrador,380264,300890,79374,72.83,57.63,15.20,,,,
2021-06-26,11,Prince Edward Island,Île-du-Prince-Édouard,114323,85997,28326,71.62,53.87,17.75,,,,
2021-06-26,12,Nova Scotia,Nouvelle-Écosse,698309,530068,168241,71.30,54.12,17.18,,,,
2021-06-26,13,New Brunswick,Nouveau-Brunswick,531086,331314,199772,67.96,42.40,25.56,,,,
2021-06-26,24,Quebec,Québec,5996061,3835569,2160492,69.93,44.73,25.20,,,,
2021-06-26,35,Ontario,Ontario,9864684,5695604,4169080,66.95,38.66,28.30,,,,
2021-06-26,46,Manitoba,Manitoba,870030,434761,435269,63.08,31.52,31.56,,,,
2021-06-26,47,Saskatchewan,Saskatchewan,709804,307170,402634,60.22,26.06,34.16,,,,
2021-06-26,48,Alberta,Alberta,2663494,1371422,1292072,60.23,31.01,29.22,,,,
2021-06-26,59,British Columbia,Colombie-Britannique,3549916,2230265,1319651,68.96,43.33,25.64,,,,
2021-06-26,60,Yukon,Yukon,30298,3719,26579,72.05,8.84,63.21,,,,
2021-06-26,61,Northwest Territories,Territoires du Nord-Ouest,30013,3920,26093,66.46,8.68,57.78,,,,
2021-06-26,62,Nunavut,Nunavut,20958,4856,16102,53.26,12.34,40.92,,,,
2021-07-03,1,Canada,Canada,25816613,12167528,13649085,67.93,32.02,35.91,,,,
2021-07-03,10,Newfoundland and Labrador,Terre-Neuve-et-Labrador,387004,278357,108647,74.12,53.31,20.81,,,,
2021-07-03,11,Prince Edward Island,Île-du-Prince-Édouard,117146,80140,37006,73.39,50.21,23.18,,,,
2021-07-03,12,Nova Scotia,Nouvelle-Écosse,703055,426125,276930,71.79,43.51,28.28,,,,
2021-07-03,13,New Brunswick,Nouveau-Brunswick,537738,263386,274352,68.81,33.70,35.11,,,,
2021-07-03,24,Quebec,Québec,6047440,3244562,2802878,70.53,37.84,32.69,,,,
2021-07-03,35,Ontario,Ontario,10006851,4450276,5556575,67.92,30.20,37.71,,,,
2021-07-03,46,Manitoba,Manitoba,894428,310956,583472,64.85,22.55,42.30,,,,
2021-07-03,47,Saskatchewan,Saskatchewan,719088,229308,489780,61.01,19.45,41.55,,,,
2021-07-03,48,Alberta,Alberta,2717857,941532,1776325,61.46,21.29,40.17,,,,
2021-07-03,59,British Columbia,Colombie-Britannique,3603679,1930844,1672835,70.01,37.51,32.50,,,,
2021-07-03,60,Yukon,Yukon,30670,3370,27300,72.93,8.01,64.92,,,,
2021-07-03,61,Northwest Territories,Territoires du Nord-Ouest,30252,3734,26518,66.99,8.27,58.72,,,,
2021-07-03,62,Nunavut,Nunavut,21405,4938,16467,54.39,12.55,41.84,,,,
2021-07-10,1,Canada,Canada,26146526,9521409,16625117,68.80,25.05,43.74,,,,
2021-07-10,10,Newfoundland and Labrador,Terre-Neuve-et-Labrador,406123,252023,154100,77.79,48.27,29.52,,,,
2021-07-10,11,Prince Edward Island,Île-du-Prince-Édouard,119619,71364,48255,74.94,44.71,30.23,,,,
2021-07-10,12,Nova Scotia,Nouvelle-Écosse,711307,317857,393450,72.63,32.46,40.17,,,,
2021-07-10,13,New Brunswick,Nouveau-Brunswick,545759,198756,347003,69.84,25.43,44.40,,,,
2021-07-10,24,Quebec,Québec,6095711,2634767,3460944,71.09,30.73,40.36,,,,
2021-07-10,35,Ontario,Ontario,10142704,3283639,6859065,68.84,22.29,46.55,,,,
2021-07-10,46,Manitoba,Manitoba,914318,237861,676457,66.29,17.25,49.04,,,,
2021-07-10,47,Saskatchewan,Saskatchewan,728808,170974,557834,61.83,14.51,47.33,,,,
2021-07-10,48,Alberta,Alberta,2748058,763338,1984720,62.15,17.26,44.88,,,,
2021-07-10,59,British Columbia,Colombie-Britannique,3650613,1579638,2070975,70.92,30.69,40.23,,,,
2021-07-10,60,Yukon,Yukon,31062,2952,28110,73.87,7.02,66.85,,,,
2021-07-10,61,Northwest Territories,Territoires du Nord-Ouest,30545,3541,27004,67.64,7.84,59.79,,,,
2021-07-10,62,Nunavut,Nunavut,21899,4699,17200,55.65,11.94,43.71,,,,